1925					
	48126	350	0	0	0
	48127	350	0	0	0
	48128	350	0	0	0
	48129	350	0	0	0
	48130	350	0	0	0
	48131	350	0	0	0
	48132	350	0	0	0
	48133	350	0	0	0
	48134	350	0	0	0
	48135	350	0	0	0
	48136	350	0	0	0
	48137	350	0	0	0
	48138	350	0	0	0
	48139	350	0	0	0
	48140	350	0	0	0
	48141	350	0	0	0
	48142	350	0	0	0
	48143	350	0	0	0
	48144	350	0	0	0
	48145	350	0	0	0
	48146	350	0	0	0
	48147	350	0	0	0
	48148	350	0	0	0
	48149	350	0	0	0
	48150	350	0	0	0
	48151	350	0	0	0
	48152	350	0	0	0
	48153	350	0	0	0
	48154	350	0	0	0
	48155	350	0	0	0
	48156	350	0	0	0
	48157	350	0	0	0
	48158	350	0	0	0
	48159	350	0	0	0
	48160	350	0	0	0
	48161	350	0	0	0
	48162	350	0	0	0
	48163	350	0	0	0
	48164	350	0	0	0
	48165	350	0	0	0
	48166	350	0	0	0
	48167	350	0	0	0
	48168	350	0	0	0
	48169	350	0	0	0
	48170	350	0	0	0
	48171	350	0	0	0
	48172	350	0	0	0
	48173	350	0	0	0
	48174	350	0	0	0
	48175	350	0	0	0
	48176	350	0	0	0
	48177	350	0	0	0
	48178	350	0	0	0
	48179	350	0	0	0
	48180	350	0	0	0
	48181	350	0	0	0
	48182	350	0	0	0
	48183	350	0	0	0
	48184	350	0	0	0
	48185	350	0	0	0
	48186	350	0	0	0
	48187	350	0	0	0
	48188	350	0	0	0
	48189	350	0	0	0
	48190	350	0	0	0
	48191	350	0	0	0
	48192	350	0	0	0
	48193	350	0	0	0
	48194	350	0	0	0
	48195	350	0	0	0
	48196	350	0	0	0
	48197	350	0	0	0
	48198	350	0	0	0
	48199	350	0	0	0
	48200	350	0	0	0
	48201	350	0	0	0
	48202	350	0	0	0
	48203	350	0	0	0
	48204	350	0	0	0
	48205	350	0	0	0
	48206	350	0	0	0
	48207	350	0	0	0
	48208	350	0	0	0
	48209	350	0	0	0
	48210	350	0	0	0
	48211	350	0	0	0
	48212	350	0	0	0
	48213	350	0	0	0
	48214	350	0	0	0
	48215	350	0	0	0
	48216	350	0	0	0
	48217	350	0	0	0
	48218	350	0	0	0
	48219	350	0	0	0
	48220	350	0	0	0
	48221	350	0	0	0
	48222	350	0	0	0
	48223	350	0	0	0
	48224	350	0	0	0
	48225	350	0	0	0
	48226	350	0	0	0
	48227	350	0	0	0
	48228	350	0	0	0
	48229	350	0	0	0
	48230	350	0	0	0
	48231	350	0	0	0
	48232	350	0	0	0
	48233	350	0	0	0
	48234	350	0	0	0
	48235	350	0	0	0
	48236	350	0	0	0
	48237	350	0	0	0
	48238	350	0	0	0
	48239	350	0	0	0
	48240	350	0	0	0
	48241	350	0	0	0
	48242	350	0	0	0
	48243	350	0	0	0
	48244	350	0	0	0
	48245	350	0	0	0
	48246	350	0	0	0
	48247	350	0	0	0
	48248	350	0	0	0
	48249	350	0	0	0
	48250	350	0	0	0
	48251	350	0	0	0
	48252	350	0	0	0
	48253	350	0	0	0
	48254	350	0	0	0
	48255	350	0	0	0
	48256	350	0	0	0
	48257	350	0	0	0
	48258	350	0	0	0
	48259	350	0	0	0
	48260	350	0	0	0
	48261	350	0	0	0
	48262	350	0	0	0
	48263	350	0	0	0
	48264	350	0	0	0
	48265	350	0	0	0
	48266	350	0	0	0
	48267	350	0	0	0
	48268	350	0	0	0
	48269	350	0	0	0
	48270	350	0	0	0
	48271	350	0	0	0
	48272	350	0	0	0
	48273	350	0	0	0
	48274	350	0	0	0
	48275	350	0	0	0
	48276	350	0	0	0
	48277	350	0	0	0
	48278	350	0	0	0
	48279	350	0	0	0
	48280	350	0	0	0
	48281	350	0	0	0
	48282	350	0	0	0
	48283	350	0	0	0
	48284	350	0	0	0
	48285	350	0	0	0
	48286	350	0	0	0
	48287	350	0	0	0
	48288	350	0	0	0
	48289	350	0	0	0
	48290	350	0	0	0
	48291	350	0	0	0
	48292	350	0	0	0
	48293	350	0	0	0
	48294	350	0	0	0
	48295	350	0	0	0
	48296	350	0	0	0
	48297	350	0	0	0
	48298	350	0	0	0
	48299	350	0	0	0
	48300	350	0	0	0
	48301	350	0	0	0
	48302	350	0	0	0
	48303	350	0	0	0
	48304	350	0	0	0
	48305	350	0	0	0
	48306	350	0	0	0
	48307	350	0	0	0
	48308	350	0	0	0
	48309	350	0	0	0
	48310	350	0	0	0
	48311	350	0	0	0
	48312	350	0	0	0
	48313	350	0	0	0
	48314	350	0	0	0
	48315	350	0	0	0
	48316	350	0	0	0
	48317	350	0	0	0
	48318	350	0	0	0
	48319	350	0	0	0
	48320	350	0	0	0
	48321	350	0	0	0
	48322	350	0	0	0
	48323	350	0	0	0
	48324	350	0	0	0
	48325	350	0	0	0
	48326	350	0	0	0
	48327	350	0	0	0
	48328	350	0	0	0
	48329	350	0	0	0
	48330	350	0	0	0
	48331	350	0	0	0
	48332	350	0	0	0
	48333	350	0	0	0
	48334	350	0	0	0
	48335	350	0	0	0
	48336	350	0	0	0
	48337	350	0	0	0
	48338	350	0	0	0
	48339	350	0	0	0
	48340	350	0	0	0
	48341	350	0	0	0
	48342	350	0	0	0
	48343	350	0	0	0
	48344	350	0	0	0
	48345	350	0	0	0
	48346	350	0	0	0
	48347	350	0	0	0
	48348	350	0	0	0
	48349	350	0	0	0
	48350	350	0	0	0
	48351	350	0	0	0
	48352	350	0	0	0
	48353	350	0	0	0
	48354	350	0	0	0
	48355	350	0	0	0
	48356	350	0	0	0
	48357	350	0	0	0
	48358	350	0	0	0
	48359	350	0	0	0
	48360	350	0	0	0
	48361	350	0	0	0
	48362	350	0	0	0
	48363	350	0	0	0
	48364	350	0	0	0
	48365	350	0	0	0
	48366	350	0	0	0
	48367	350	0	0	0
	48368	350	0	0	0
	48369	350	0	0	0
	48370	350	0	0	0
	48371	350	0	0	0
	48372	350	0	0	0
	48373	350	0	0	0
	48374	350	0	0	0
	48375	350	0	0	0
	48376	350	0	0	0
	48377	350	0	0	0
	48378	350	0	0	0
	48379	350	0	0	0
	48380	350	0	0	0
	48381	350	0	0	0
	48382	350	0	0	0
	48383	350	0	0	0
	48384	350	0	0	0
	48385	350	0	0	0
	48386	350	0	0	0
	48387	350	0	0	0
	48388	350	0	0	0
	48389	350	0	0	0
	48390	350	0	0	0
	48391	350	0	0	0
	48392	350	0	0	0
	48393	350	0	0	0
	48394	350	0	0	0
	48395	350	0	0	0
	48396	350	0	0	0
	48397	350	0	0	0
	48398	350	0	0	0
	48399	350	0	0	0
	48400	350	0	0	0
	48401	350	0	0	0
	48402	350	0	0	0
	48403	350	0	0	0
	48404	350	0	0	0
	48405	350	0	0	0
	48406	350	0	0	0
	48407	350	0	0	0
	48408	350	0	0	0
	48409	350	0	0	0
	48410	350	0	0	0
	48411	350	0	0	0
	48412	350	0	0	0
	48413	350	0	0	0
	48414	350	0	0	0
	48415	350	0	0	0
	48416	350	0	0	0
	48417	350	0	0	0
	48418	350	0	0	0
	48419	350	0	0	0
	48420	350	0	0	0
	48421	350	0	0	0
	48422	350	0	0	0
	48423	350	0	0	0
	48424	350	0	0	0
	48425	350	0	0	0
	48426	350	0	0	0
	48427	350	0	0	0
	48428	350	0	0	0
	48429	350	0	0	0
	48430	350	0	0	0
	48431	350	0	0	0
	48432	350	0	0	0
	48433	350	0	0	0
	48434	350	0	0	0
	48435	350	0	0	0
	48436	350	0	0	0
	48437	350	0	0	0
	48438	350	0	0	0
	48439	350	0	0	0
	48440	350	0	0	0
	48441	350	0	0	0
	48442	350	0	0	0
	48443	350	0	0	0
	48444	350	0	0	0
	48445	350	0	0	0
	48446	350	0	0	0
	48447	350	0	0	0
	48448	350	0	0	0
	48449	350	0	0	0
	48450	350	0	0	0
	48451	350	0	0	0
	48452	350	0	0	0
	48453	350	0	0	0
	48454	350	0	0	0
	48455	350	0	0	0
	48456	350	0	0	0
	48457	350	0	0	0
	48458	350	0	0	0
	48459	350	0	0	0
	48460	350	0	0	0
	48461	350	0	0	0
	48462	350	0	0	0
	48463	350	0	0	0
	48464	350	0	0	0
	48465	350	0	0	0
	48466	350	0	0	0
	48467	350	0	0	0
	48468	350	0	0	0
	48469	350	0	0	0
	48470	350	0	0	0
	48471	350	0	0	0
	48472	350	0	0	0
	48473	350	0	0	0
	48474	350	0	0	0
	48475	350	0	0	0
	48476	350	0	0	0
	48477	350	0	0	0
	48478	350	0	0	0
	48479	350	0	0	0
	48480	350	0	0	0
	48481	350	0	0	0
	48482	350	0	0	0
	48483	350	0	0	0
	48484	350	0	0	0
	48485	350	0	0	0
	48486	350	0	0	0
	48487	350	0	0	0
	48488	350	0	0	0
	48489	350	0	0	0
	48490	350	0	0	0
	48491	350	0	0	0
	48492	350	0	0	0
	48493	350	0	0	0
	48494	350	0	0	0
	48495	350	0	0	0
	48496	350	0	0	0
	48497	350	0	0	0
	48498	350	0	0	0
	48499	350	0	0	0
	48500	350	0	0	0
	48501	350	0	0	0
	48502	350	0	0	0
	48503	350	0	0	0
	48504	350	0	0	0
	48505	350	0	0	0
	48506	350	0	0	0
	48507	350	0	0	0
	48508	350	0	0	0
	48509	350	0	0	0
	48510	350	0	0	0
	48511	350	0	0	0
	48512	350	0	0	0
	48513	350	0	0	0
	48514	350	0	0	0
	48515	350	0	0	0
	48516	350	0	0	0
	48517	350	0	0	0
	48518	350	0	0	0
	48519	350	0	0	0
	48520	350	0	0	0
	48521	350	0	0	0
	48522	350	0	0	0
	48523	350	0	0	0
	48524	350	0	0	0
	48525	350	0	0	0
	48526	350	0	0	0
	48527	350	0	0	0
	48528	350	0	0	0
	48529	350	0	0	0
	48530	350	0	0	0
	48531	350	0	0	0
	48532	350	0	0	0
	48533	350	0	0	0
	48534	350	0	0	0
	48535	350	0	0	0
	48536	350	0	0	0
	48537	350	0	0	0
	48538	350	0	0	0
	48539	350	0	0	0
	48540	350	0	0	0
	48541	350	0	0	0
	48542	350	0	0	0
	48543	350	0	0	0
	48544	350	0	0	0
	48545	350	0	0	0
	48546	350	0	0	0
	48547	350	0	0	0
	48548	350	0	0	0
	48549	350	0	0	0
	48550	350	0	0	0
	48551	350	0	0	0
	48552	350	0	0	0
	48553	350	0	0	0
	48554	350	0	0	0
	48555	350	0	0	0
	48556	350	0	0	0
	48557	350	0	0	0
	48558	350	0	0	0
	48559	350	0	0	0
	48560	350	0	0	0
	48561	350	0	0	0
	48562	350	0	0	0
	48563	350	0	0	0
	48564	350	0	0	0
	48565	350	0	0	0
	48566	350	0	0	0
	48567	350	0	0	0
	48568	350	0	0	0
	48569	350	0	0	0
	48570	350	0	0	0
	48571	350	0	0	0
	48572	350	0	0	0
	48573	350	0	0	0
	48574	350	0	0	0
	48575	350	0	0	0
	48576	350	0	0	0
	48577	350	0	0	0
	48578	350	0	0	0
	48579	350	0	0	0
	48580	350	0	0	0
	48581	350	0	0	0
	48582	350	0	0	0
	48583	350	0	0	0
	48584	350	0	0	0
	48585	350	0	0	0
	48586	350	0	0	0
	48587	350	0	0	0
	48588	350	0	0	0
	48589	350	0	0	0
	48590	350	0	0	0
	48591	350	0	0	0
	48592	350	0	0	0
	48593	350	0	0	0
	48594	350	0	0	0
	48595	350	0	0	0
	48596	350	0	0	0
	48597	350	0	0	0
	48598	350	0	0	0
	48599	350	0	0	0
	48600	350	0	0	0
	48601	350	0	0	0
	48602	350	0	0	0
	48603	350	0	0	0
	48604	350	0	0	0
	48605	350	0	0	0
	48606	350	0	0	0
	48607	350	0	0	0
	48608	350	0	0	0
	48609	350	0	0	0
	48610	350	0	0	0
	48611	350	0	0	0
	48612	350	0	0	0
	48613	350	0	0	0
	48614	350	0	0	0
	48615	350	0	0	0
	48616	350	0	0	0
	48617	350	0	0	0
	48618	350	0	0	0
	48619	350	0	0	0
	48620	350	0	0	0
	48621	350	0	0	0
	48622	350	0	0	0
	48623	350	0	0	0
	48624	350	0	0	0
	48625	350	0	0	0
	48626	350	0	0	0
	48627	350	0	0	0
	48628	350	0	0	0
	48629	350	0	0	0
	48630	350	0	0	0
	48631	350	0	0	0
	48632	350	0	0	0
	48633	350	0	0	0
	48634	350	0	0	0
	48635	350	0	0	0
	48636	350	0	0	0
	48637	350	0	0	0
	48638	350	0	0	0
	48639	350	0	0	0
	48640	350	0	0	0
	48641	350	0	0	0
	48642	350	0	0	0
	48643	350	0	0	0
	48644	350	0	0	0
	48645	350	0	0	0
	48646	350	0	0	0
	48647	350	0	0	0
	48648	350	0	0	0
	48649	350	0	0	0
	48650	350	0	0	0
	48651	350	0	0	0
	48652	350	0	0	0
	48653	350	0	0	0
	48654	350	0	0	0
	48655	350	0	0	0
	48656	350	0	0	0
	48657	350	0	0	0
	48658	350	0	0	0
	48659	350	0	0	0
	48660	350	0	0	0
	48661	350	0	0	0
	48662	350	0	0	0
	48663	350	0	0	0
	48664	350	0	0	0
	48665	350	0	0	0
	48666	350	0	0	0
	48667	350	0	0	0
	48668	350	0	0	0
	48669	350	0	0	0
	48670	350	0	0	0
	48671	350	0	0	0
	48672	350	0	0	0
	48673	350	0	0	0
	48674	350	0	0	0
	48675	350	0	0	0
	48676	350	0	0	0
	48677	350	0	0	0
	48678	350	0	0	0
	48679	350	0	0	0
	48680	350	0	0	0
	48681	350	0	0	0
	48682	350	0	0	0
	48683	350	0	0	0
	48684	350	0	0	0
	48685	350	0	0	0
	48686	350	0	0	0
	48687	350	0	0	0
	48688	350	0	0	0
	48689	350	0	0	0
	48690	350	0	0	0
	48691	350	0	0	0
	48692	350	0	0	0
	48693	350	0	0	0
	48694	350	0	0	0
	48695	350	0	0	0
	48696	350	0	0	0
	48697	350	0	0	0
	48698	350	0	0	0
	48699	350	0	0	0
	48700	350	0	0	0
	48701	350	0	0	0
	48702	350	0	0	0
	48703	350	0	0	0
	48704	350	0	0	0
	48705	350	0	0	0
	48706	350	0	0	0
	48707	350	0	0	0
	48708	350	0	0	0
	48709	350	0	0	0
	48710	350	0	0	0
	48711	350	0	0	0
	48712	350	0	0	0
	48713	350	0	0	0
	48714	350	0	0	0
	48715	350	0	0	0
	48716	350	0	0	0
	48717	350	0	0	0
	48718	350	0	0	0
	48719	350	0	0	0
	48720	350	0	0	0
	48721	350	0	0	0
	48722	350	0	0	0
	48723	350	0	0	0
	48724	350	0	0	0
	48725	350	0	0	0
	48726	350	0	0	0
	48727	350	0	0	0
	48728	350	0	0	0
	48729	350	0	0	0
	48730	350	0	0	0
	48731	350	0	0	0
	48732	350	0	0	0
	48733	350	0	0	0
	48734	350	0	0	0
	48735	350	0	0	0
	48736	350	0	0	0
	48737	350	0	0	0
	48738	350	0	0	0
	48739	350	0	0	0
	48740	350	0	0	0
	48741	350	0	0	0
	48742	350	0	0	0
	48743	350	0	0	0
	48744	350	0	0	0
	48745	350	0	0	0
	48746	350	0	0	0
	48747	350	0	0	0
	48748	350	0	0	0
	48749	350	0	0	0
	48750	350	0	0	0
	48751	350	0	0	0
	48752	350	0	0	0
	48753	350	0	0	0
	48754	350	0	0	0
	48755	350	0	0	0
	48756	350	0	0	0
	48757	350	0	0	0
	48758	350	0	0	0
	48759	350	0	0	0
	48760	350	0	0	0
	48761	350	0	0	0
	48762	350	0	0	0
	48763	350	0	0	0
	48764	350	0	0	0
	48765	350	0	0	0
	48766	350	0	0	0
	48767	350	0	0	0
	48768	350	0	0	0
	48769	350	0	0	0
	48770	350	0	0	0
	48771	350	0	0	0
	48772	350	0	0	0
	48773	350	0	0	0
	48774	350	0	0	0
	48775	350	0	0	0
	48776	350	0	0	0
	48777	350	0	0	0
	48778	350	0	0	0
	48779	350	0	0	0
	48780	350	0	0	0
	48781	350	0	0	0
	48782	350	0	0	0
	48783	350	0	0	0
	48784	350	0	0	0
	48785	350	0	0	0
	48786	350	0	0	0
	48787	350	0	0	0
	48788	350	0	0	0
	48789	350	0	0	0
	48790	350	0	0	0
	48791	350	0	0	0
	48792	350	0	0	0
	48793	350	0	0	0
	48794	350	0	0	0
	48795	350	0	0	0
	48796	350	0	0	0
	48797	350	0	0	0
	48798	350	0	0	0
	48799	350	0	0	0
	48800	350	0	0	0
	48801	350	0	0	0
	48802	350	0	0	0
	48803	350	0	0	0
	48804	350	0	0	0
	48805	350	0	0	0
	48806	350	0	0	0
	48807	350	0	0	0
	48808	350	0	0	0
	48809	350	0	0	0
	48810	350	0	0	0
	48811	350	0	0	0
	48812	350	0	0	0
	48813	350	0	0	0
	48814	350	0	0	0
	48815	350	0	0	0
	48816	350	0	0	0
	48817	350	0	0	0
	48818	350	0	0	0
	48819	350	0	0	0
	48820	350	0	0	0
	48821	350	0	0	0
	48822	350	0	0	0
	48823	350	0	0	0
	48824	350	0	0	0
	48825	350	0	0	0
	48826	350	0	0	0
	48827	350	0	0	0
	48828	350	0	0	0
	48829	350	0	0	0
	48830	350	0	0	0
	48831	350	0	0	0
	48832	350	0	0	0
	48833	350	0	0	0
	48834	350	0	0	0
	48835	350	0	0	0
	48836	350	0	0	0
	48837	350	0	0	0
	48838	350	0	0	0
	48839	350	0	0	0
	48840	350	0	0	0
	48841	350	0	0	0
	48842	350	0	0	0
	48843	350	0	0	0
	48844	350	0	0	0
	48845	350	0	0	0
	48846	350	0	0	0
	48847	350	0	0	0
	48848	350	0	0	0
	48849	350	0	0	0
	48850	350	0	0	0
	48851	350	0	0	0
	48852	350	0	0	0
	48853	350	0	0	0
	48854	350	0	0	0
	48855	350	0	0	0
	48856	350	0	0	0
	48857	350	0	0	0
	48858	350	0	0	0
	48859	350	0	0	0
	48860	350	0	0	0
	48861	350	0	0	0
	48862	350	0	0	0
	48863	350	0	0	0
	48864	350	0	0	0
	48865	350	0	0	0
	48866	350	0	0	0
	48867	350	0	0	0
	48868	350	0	0	0
	48869	350	0	0	0
	48870	350	0	0	0
	48871	350	0	0	0
	48872	350	0	0	0
	48873	350	0	0	0
	48874	350	0	0	0
	48875	350	0	0	0
	48876	350	0	0	0
	48877	350	0	0	0
	48878	350	0	0	0
	48879	350	0	0	0
	48880	350	0	0	0
	48881	350	0	0	0
	48882	350	0	0	0
	48883	350	0	0	0
	48884	350	0	0	0
	48885	350	0	0	0
	48886	350	0	0	0
	48887	350	0	0	0
	48888	350	0	0	0
	48889	350	0	0	0
	48890	350	0	0	0
	48891	350	0	0	0
	48892	350	0	0	0
	48893	350	0	0	0
	48894	350	0	0	0
	48895	350	0	0	0
	48896	350	0	0	0
	48897	350	0	0	0
	48898	350	0	0	0
	48899	350	0	0	0
	48900	350	0	0	0
	48901	350	0	0	0
	48902	350	0	0	0
	48903	350	0	0	0
	48904	350	0	0	0
	48905	350	0	0	0
	48906	350	0	0	0
	48907	350	0	0	0
	48908	350	0	0	0
	48909	350	0	0	0
	48910	350	0	0	0
	48911	350	0	0	0
	48912	350	0	0	0
	48913	350	0	0	0
	48914	350	0	0	0
	48915	350	0	0	0
	48916	350	0	0	0
	48917	350	0	0	0
	48918	350	0	0	0
	48919	350	0	0	0
	48920	350	0	0	0
	48921	350	0	0	0
	48922	350	0	0	0
	48923	350	0	0	0
	48924	350	0	0	0
	48925	350	0	0	0
	48926	350	0	0	0
	48927	350	0	0	0
	48928	350	0	0	0
	48929	350	0	0	0
	48930	350	0	0	0
	48931	350	0	0	0
	48932	350	0	0	0
	48933	350	0	0	0
	48934	350	0	0	0
	48935	350	0	0	0
	48936	350	0	0	0
	48937	350	0	0	0
	48938	350	0	0	0
	48939	350	0	0	0
	48940	350	0	0	0
	48941	350	0	0	0
	48942	350	0	0	0
	48943	350	0	0	0
	48944	350	0	0	0
	48945	350	0	0	0
	48946	350	0	0	0
	48947	350	0	0	0
	48948	350	0	0	0
	48949	350	0	0	0
	48950	350	0	0	0
	48951	350	0	0	0
	48952	350	0	0	0
	48953	350	0	0	0
	48954	350	0	0	0
	48955	350	0	0	0
	48956	350	0	0	0
	48957	350	0	0	0
	48958	350	0	0	0
	48959	350	0	0	0
	48960	350	0	0	0
	48961	350	0	0	0
	48962	350	0	0	0
	48963	350	0	0	0
	48964	350	0	0	0
	48965	350	0	0	0
	48966	350	0	0	0
	48967	350	0	0	0
	48968	350	0	0	0
	48969	350	0	0	0
	48970	350	0	0	0
	48971	350	0	0	0
	48972	350	0	0	0
	48973	350	0	0	0
	48974	350	0	0	0
	48975	350	0	0	0
	48976	350	0	0	0
	48977	350	0	0	0
	48978	350	0	0	0
	48979	350	0	0	0
	48980	350	0	0	0
	48981	350	0	0	0
	48982	350	0	0	0
	48983	350	0	0	0
	48984	350	0	0	0
	48985	350	0	0	0
	48986	350	0	0	0
	48987	350	0	0	0
	48988	350	0	0	0
	48989	350	0	0	0
	48990	350	0	0	0
	48991	350	0	0	0
	48992	350	0	0	0
	48993	350	0	0	0
	48994	350	0	0	0
	48995	350	0	0	0
	48996	350	0	0	0
	48997	350	0	0	0
	48998	350	0	0	0
	48999	350	0	0	0
	49000	350	0	0	0
	49001	350	0	0	0
	49002	350	0	0	0
	49003	350	0	0	0
	49004	350	0	0	0
	49005	350	0	0	0
	49006	350	0	0	0
	49007	350	0	0	0
	49008	350	0	0	0
	49009	350	0	0	0
	49010	350	0	0	0
	49011	350	0	0	0
	49012	350	0	0	0
	49013	350	0	0	0
	49014	350	0	0	0
	49015	350	0	0	0
	49016	350	0	0	0
	49017	350	0	0	0
	49018	350	0	0	0
	49019	350	0	0	0
	49020	350	0	0	0
	49021	350	0	0	0
	49022	350	0	0	0
	49023	350	0	0	0
	49024	350	0	0	0
	49025	350	0	0	0
	49026	350	0	0	0
	49027	350	0	0	0
	49028	350	0	0	0
	49029	350	0	0	0
	49030	350	0	0	0
	49031	350	0	0	0
	49032	350	0	0	0
	49033	350	0	0	0
	49034	350	0	0	0
	49035	350	0	0	0
	49036	350	0	0	0
	49037	350	0	0	0
	49038	350	0	0	0
	49039	350	0	0	0
	49040	350	0	0	0
	49041	350	0	0	0
	49042	350	0	0	0
	49043	350	0	0	0
	49044	350	0	0	0
	49045	350	0	0	0
	49046	350	0	0	0
	49047	350	0	0	0
	49048	350	0	0	0
	49049	350	0	0	0
	49050	350	0	0	0
	49051	350	0	0	0
	49052	350	0	0	0
	49053	350	0	0	0
	49054	350	0	0	0
	49055	350	0	0	0
	49056	350	0	0	0
	49057	350	0	0	0
	49058	350	0	0	0
	49059	350	0	0	0
	49060	350	0	0	0
	49061	350	0	0	0
	49062	350	0	0	0
	49063	350	0	0	0
	49064	350	0	0	0
	49065	350	0	0	0
	49066	350	0	0	0
	49067	350	0	0	0
	49068	350	0	0	0
	49069	350	0	0	0
	49070	350	0	0	0
	49071	350	0	0	0
	49072	350	0	0	0
	49073	350	0	0	0
	49074	350	0	0	0
	49075	350	0	0	0
	49076	350	0	0	0
	49077	350	0	0	0
	49078	350	0	0	0
	49079	350	0	0	0
	49080	350	0	0	0
	49081	350	0	0	0
	49082	350	0	0	0
	49083	350	0	0	0
	49084	350	0	0	0
	49085	350	0	0	0
	49086	350	0	0	0
	49087	350	0	0	0
	49088	350	0	0	0
	49089	350	0	0	0
	49090	350	0	0	0
	49091	350	0	0	0
	49092	350	0	0	0
	49093	350	0	0	0
	49094	350	0	0	0
	49095	350	0	0	0
	49096	350	0	0	0
	49097	350	0	0	0
	49098	350	0	0	0
	49099	350	0	0	0
	49100	350	0	0	0
	49101	350	0	0	0
	49102	350	0	0	0
	49103	350	0	0	0
	49104	350	0	0	0
	49105	350	0	0	0
	49106	350	0	0	0
	49107	350	0	0	0
	49108	350	0	0	0
	49109	350	0	0	0
	49110	350	0	0	0
	49111	350	0	0	0
	49112	350	0	0	0
	49113	350	0	0	0
	49114	350	0	0	0
	49115	350	0	0	0
	49116	350	0	0	0
	49117	350	0	0	0
	49118	350	0	0	0
	49119	350	0	0	0
	49120	350	0	0	0
	49121	350	0	0	0
	49122	350	0	0	0
	49123	350	0	0	0
	49124	350	0	0	0
	49125	350	0	0	0
	49126	350	0	0	0
	49127	350	0	0	0
	49128	350	0	0	0
	49129	350	0	0	0
	49130	350	0	0	0
	49131	350	0	0	0
	49132	350	0	0	0
	49133	350	0	0	0
	49134	350	0	0	0
	49135	350	0	0	0
	49136	350	0	0	0
	49137	350	0	0	0
	49138	350	0	0	0
	49139	350	0	0	0
	49140	350	0	0	0
	49141	350	0	0	0
	49142	350	0	0	0
	49143	350	0	0	0
	49144	350	0	0	0
	49145	350	0	0	0
	49146	350	0	0	0
	49147	350	0	0	0
	49148	350	0	0	0
	49149	350	0	0	0
	49150	350	0	0	0
	49151	350	0	0	0
	49152	350	0	0	0
	49153	350	0	0	0
	49154	350	0	0	0
	49155	350	0	0	0
	49156	350	0	0	0
	49157	350	0	0	0
	49158	350	0	0	0
	49159	350	0	0	0
	49160	350	0	0	0
	49161	350	0	0	0
	49162	350	0	0	0
	49163	350	0	0	0
	49164	350	0	0	0
	49165	350	0	0	0
	49166	350	0	0	0
	49167	350	0	0	0
	49168	350	0	0	0
	49169	350	0	0	0
	49170	350	0	0	0
	49171	350	0	0	0
	49172	350	0	0	0
	49173	350	0	0	0
	49174	350	0	0	0
	49175	350	0	0	0
	49176	350	0	0	0
	49177	350	0	0	0
	49178	350	0	0	0
	49179	350	0	0	0
	49180	350	0	0	0
	49181	350	0	0	0
	49182	350	0	0	0
	49183	350	0	0	0
	49184	350	0	0	0
	49185	350	0	0	0
	49186	350	0	0	0
	49187	350	0	0	0
	49188	350	0	0	0
	49189	350	0	0	0
	49190	350	0	0	0
	49191	350	0	0	0
	49192	350	0	0	0
	49193	350	0	0	0
	49194	350	0	0	0
	49195	350	0	0	0
	49196	350	0	0	0
	49197	350	0	0	0
	49198	350	0	0	0
	49199	350	0	0	0
	49200	350	0	0	0
	49201	350	0	0	0
	49202	350	0	0	0
	49203	350	0	0	0
	49204	350	0	0	0
	49205	350	0	0	0
	49206	350	0	0	0
	49207	350	0	0	0
	49208	350	0	0	0
	49209	350	0	0	0
	49210	350	0	0	0
	49211	350	0	0	0
	49212	350	0	0	0
	49213	350	0	0	0
	49214	350	0	0	0
	49215	350	0	0	0
	49216	350	0	0	0
	49217	350	0	0	0
	49218	350	0	0	0
	49219	350	0	0	0
	49220	350	0	0	0
	49221	350	0	0	0
	49222	350	0	0	0
	49223	350	0	0	0
	49224	350	0	0	0
	49225	350	0	0	0
	49226	350	0	0	0
	49227	350	0	0	0
	49228	350	0	0	0
	49229	350	0	0	0
	49230	350	0	0	0
	49231	350	0	0	0
	49232	350	0	0	0
	49233	350	0	0	0
	49234	350	0	0	0
	49235	350	0	0	0
	49236	350	0	0	0
	49237	350	0	0	0
	49238	350	0	0	0
	49239	350	0	0	0
	49240	350	0	0	0
	49241	350	0	0	0
	49242	350	0	0	0
	49243	350	0	0	0
	49244	350	0	0	0
	49245	350	0	0	0
	49246	350	0	0	0
	49247	350	0	0	0
	49248	350	0	0	0
	49249	350	0	0	0
	49250	350	0	0	0
	49251	350	0	0	0
	49252	350	0	0	0
	49253	350	0	0	0
	49254	350	0	0	0
	49255	350	0	0	0
	49256	350	0	0	0
	49257	350	0	0	0
	49258	350	0	0	0
	49259	350	0	0	0
	49260	350	0	0	0
	49261	350	0	0	0
	49262	350	0	0	0
	49263	350	0	0	0
	49264	350	0	0	0
	49265	350	0	0	0
	49266	350	0	0	0
	49267	350	0	0	0
	49268	350	0	0	0
	49269	350	0	0	0
	49270	350	0	0	0
	49271	350	0	0	0
	49272	350	0	0	0
	49273	350	0	0	0
	49274	350	0	0	0
	49275	350	0	0	0
	49276	350	0	0	0
	49277	350	0	0	0
	49278	350	0	0	0
	49279	350	0	0	0
	49280	350	0	0	0
	49281	350	0	0	0
	49282	350	0	0	0
	49283	350	0	0	0
	49284	350	0	0	0
	49285	350	0	0	0
	49286	350	0	0	0
	49287	350	0	0	0
	49288	350	0	0	0
	49289	350	0	0	0
	49290	350	0	0	0
	49291	350	0	0	0
	49292	350	0	0	0
	49293	350	0	0	0
	49294	350	0	0	0
	49295	350	0	0	0
	49296	350	0	0	0
	49297	350	0	0	0
	49298	350	0	0	0
	49299	350	0	0	0
	49300	350	0	0	0
	49301	350	0	0	0
	49302	350	0	0	0
	49303	350	0	0	0
	49304	350	0	0	0
	49305	350	0	0	0
	49306	350	0	0	0
	49307	350	0	0	0
	49308	350	0	0	0
	49309	350	0	0	0
	49310	350	0	0	0
	49311	350	0	0	0
	49312	350	0	0	0
	49313	350	0	0	0
	49314	350	0	0	0
	49315	350	0	0	0
	49316	350	0	0	0
	49317	350	0	0	0
	49318	350	0	0	0
	49319	350	0	0	0
	49320	350	0	0	0
	49321	350	0	0	0
	49322	350	0	0	0
	49323	350	0	0	0
	49324	350	0	0	0
	49325	350	0	0	0
	49326	350	0	0	0
	49327	350	0	0	0
	49328	350	0	0	0
	49329	350	0	0	0
	49330	350	0	0	0
	49331	350	0	0	0
	49332	350	0	0	0
	49333	350	0	0	0
	49334	350	0	0	0
	49335	350	0	0	0
	49336	350	0	0	0
	49337	350	0	0	0
	49338	350	0	0	0
	49339	350	0	0	0
	49340	350	0	0	0
	49341	350	0	0	0
	49342	350	0	0	0
	49343	350	0	0	0
	49344	350	0	0	0
	49345	350	0	0	0
	49346	350	0	0	0
	49347	350	0	0	0
	49348	350	0	0	0
	49349	350	0	0	0
	49350	350	0	0	0
	49351	350	0	0	0
	49352	350	0	0	0
	49353	350	0	0	0
	49354	350	0	0	0
	49355	350	0	0	0
	49356	350	0	0	0
	49357	350	0	0	0
	49358	350	0	0	0
	49359	350	0	0	0
	49360	350	0	0	0
	49361	350	0	0	0
	49362	350	0	0	0
	49363	350	0	0	0
	49364	350	0	0	0
	49365	350	0	0	0
	49366	350	0	0	0
	49367	350	0	0	0
	49368	350	0	0	0
	49369	350	0	0	0
	49370	350	0	0	0
	49371	350	0	0	0
	49372	350	0	0	0
	49373	350	0	0	0
	49374	350	0	0	0
	49375	350	0	0	0
	49376	350	0	0	0
	49377	350	0	0	0
	49378	350	0	0	0
	49379	350	0	0	0
	49380	350	0	0	0
	49381	350	0	0	0
	49382	350	0	0	0
	49383	350	0	0	0
	49384	350	0	0	0
	49385	350	0	0	0
	49386	350	0	0	0
	49387	350	0	0	0
	49388	350	0	0	0
	49389	350	0	0	0
	49390	350	0	0	0
	49391	350	0	0	0
	49392	350	0	0	0
	49393	350	0	0	0
	49394	350	0	0	0
	49395	350	0	0	0
	49396	350	0	0	0
	49397	350	0	0	0
	49398	350	0	0	0
	49399	350	0	0	0
	49400	350	0	0	0
	49401	350	0	0	0
	49402	350	0	0	0
	49403	350	0	0	0
	49404	350	0	0	0
	49405	350	0	0	0
	49406	350	0	0	0
	49407	350	0	0	0
	49408	350	0	0	0
	49409	350	0	0	0
	49410	350	0	0	0
	49411	350	0	0	0
	49412	350	0	0	0
	49413	350	0	0	0
	49414	350	0	0	0
	49415	350	0	0	0
	49416	350	0	0	0
	49417	350	0	0	0
	49418	350	0	0	0
	49419	350	0	0	0
	49420	350	0	0	0
	49421	350	0	0	0
	49422	350	0	0	0
	49423	350	0	0	0
	49424	350	0	0	0
	49425	350	0	0	0
	49426	350	0	0	0
	49427	350	0	0	0
	49428	350	0	0	0
	49429	350	0	0	0
	49430	350	0	0	0
	49431	350	0	0	0
	49432	350	0	0	0
	49433	350	0	0	0
	49434	350	0	0	0
	49435	350	0	0	0
	49436	350	0	0	0
	49437	350	0	0	0
	49438	350	0	0	0
	49439	350	0	0	0
	49440	350	0	0	0
	49441	350	0	0	0
	49442	350	0	0	0
	49443	350	0	0	0
	49444	350	0	0	0
	49445	350	0	0	0
	49446	350	0	0	0
	49447	350	0	0	0
	49448	350	0	0	0
	49449	350	0	0	0
	49450	350	0	0	0
	49451	350	0	0	0
	49452	350	0	0	0
	49453	350	0	0	0
	49454	350	0	0	0
	49455	350	0	0	0
	49456	350	0	0	0
	49457	350	0	0	0
	49458	350	0	0	0
	49459	350	0	0	0
	49460	350	0	0	0
	49461	350	0	0	0
	49462	350	0	0	0
	49463	350	0	0	0
	49464	350	0	0	0
	49465	350	0	0	0
	49466	350	0	0	0
	49467	350	0	0	0
	49468	350	0	0	0
	49469	350	0	0	0
	49470	350	0	0	0
	49471	350	0	0	0
	49472	350	0	0	0
	49473	350	0	0	0
	49474	350	0	0	0
	49475	350	0	0	0
	49476	350	0	0	0
	49477	350	0	0	0
	49478	350	0	0	0
	49479	350	0	0	0
	49480	350	0	0	0
	49481	350	0	0	0
	49482	350	0	0	0
	49483	350	0	0	0
	49484	350	0	0	0
	49485	350	0	0	0
	49486	350	0	0	0
	49487	350	0	0	0
	49488	350	0	0	0
	49489	350	0	0	0
	49490	350	0	0	0
	49491	350	0	0	0
	49492	350	0	0	0
	49493	350	0	0	0
	49494	350	0	0	0
	49495	350	0	0	0
	49496	350	0	0	0
	49497	350	0	0	0
	49498	350	0	0	0
	49499	350	0	0	0
	49500	350	0	0	0
	49501	350	0	0	0
	49502	350	0	0	0
	49503	350	0	0	0
	49504	350	0	0	0
	49505	350	0	0	0
	49506	350	0	0	0
	49507	350	0	0	0
	49508	350	0	0	0
	49509	350	0	0	0
	49510	350	0	0	0
	49511	350	0	0	0
	49512	350	0	0	0
	49513	350	0	0	0
	49514	350	0	0	0
	49515	350	0	0	0
	49516	350	0	0	0
	49517	350	0	0	0
	49518	350	0	0	0
	49519	350	0	0	0
	49520	350	0	0	0
	49521	350	0	0	0
	49522	350	0	0	0
	49523	350	0	0	0
	49524	350	0	0	0
	49525	350	0	0	0
	49526	350	0	0	0
	49527	350	0	0	0
	49528	350	0	0	0
	49529	350	0	0	0
	49530	350	0	0	0
	49531	350	0	0	0
	49532	350	0	0	0
	49533	350	0	0	0
	49534	350	0	0	0
	49535	350	0	0	0
	49536	350	0	0	0
	49537	350	0	0	0
	49538	350	0	0	0
	49539	350	0	0	0
	49540	350	0	0	0
	49541	350	0	0	0
	49542	350	0	0	0
	49543	350	0	0	0
	49544	350	0	0	0
	49545	350	0	0	0
	49546	350	0	0	0
	49547	350	0	0	0
	49548	350	0	0	0
	49549	350	0	0	0
	49550	350	0	0	0
	49551	350	0	0	0
	49552	350	0	0	0
	49553	350	0	0	0
	49554	350	0	0	0
	49555	350	0	0	0
	49556	350	0	0	0
	49557	350	0	0	0
	49558	350	0	0	0
	49559	350	0	0	0
	49560	350	0	0	0
	49561	350	0	0	0
	49562	350	0	0	0
	49563	350	0	0	0
	49564	350	0	0	0
	49565	350	0	0	0
	49566	350	0	0	0
	49567	350	0	0	0
	49568	350	0	0	0
	49569	350	0	0	0
	49570	350	0	0	0
	49571	350	0	0	0
	49572	350	0	0	0
	49573	350	0	0	0
	49574	350	0	0	0
	49575	350	0	0	0
	49576	350	0	0	0
	49577	350	0	0	0
	49578	350	0	0	0
	49579	350	0	0	0
	49580	350	0	0	0
	49581	350	0	0	0
	49582	350	0	0	0
	49583	350	0	0	0
	49584	350	0	0	0
	49585	350	0	0	0
	49586	350	0	0	0
	49587	350	0	0	0
	49588	350	0	0	0
	49589	350	0	0	0
	49590	350	0	0	0
	49591	350	0	0	0
	49592	350	0	0	0
	49593	350	0	0	0
	49594	350	0	0	0
	49595	350	0	0	0
	49596	350	0	0	0
	49597	350	0	0	0
	49598	350	0	0	0
	49599	350	0	0	0
	49600	350	0	0	0
	49601	350	0	0	0
	49602	350	0	0	0
	49603	350	0	0	0
	49604	350	0	0	0
	49605	350	0	0	0
	49606	350	0	0	0
	49607	350	0	0	0
	49608	350	0	0	0
	49609	350	0	0	0
	49610	350	0	0	0
	49611	350	0	0	0
	49612	350	0	0	0
	49613	350	0	0	0
	49614	350	0	0	0
	49615	350	0	0	0
	49616	350	0	0	0
	49617	350	0	0	0
	49618	350	0	0	0
	49619	350	0	0	0
	49620	350	0	0	0
	49621	350	0	0	0
	49622	350	0	0	0
	49623	350	0	0	0
	49624	350	0	0	0
	49625	350	0	0	0
	49626	350	0	0	0
	49627	350	0	0	0
	49628	350	0	0	0
	49629	350	0	0	0
	49630	350	0	0	0
	49631	350	0	0	0
	49632	350	0	0	0
	49633	350	0	0	0
	49634	350	0	0	0
	49635	350	0	0	0
	49636	350	0	0	0
	49637	350	0	0	0
	49638	350	0	0	0
	49639	350	0	0	0
	49640	350	0	0	0
	49641	350	0	0	0
	49642	350	0	0	0
	49643	350	0	0	0
	49644	350	0	0	0
	49645	350	0	0	0
	49646	350	0	0	0
	49647	350	0	0	0
	49648	350	0	0	0
	49649	350	0	0	0
	49650	350	0	0	0
	49651	350	0	0	0
	49652	350	0	0	0
	49653	350	0	0	0
	49654	350	0	0	0
	49655	350	0	0	0
	49656	350	0	0	0
	49657	350	0	0	0
	49658	350	0	0	0
	49659	350	0	0	0
	49660	350	0	0	0
	49661	350	0	0	0
	49662	350	0	0	0
	49663	350	0	0	0
	49664	350	0	0	0
	49665	350	0	0	0
	49666	350	0	0	0
	49667	350	0	0	0
	49668	350	0	0	0
	49669	350	0	0	0
	49670	350	0	0	0
	49671	350	0	0	0
	49672	350	0	0	0
	49673	350	0	0	0
	49674	350	0	0	0
	49675	350	0	0	0
	49676	350	0	0	0
	49677	350	0	0	0
	49678	350	0	0	0
	49679	350	0	0	0
	49680	350	0	0	0
	49681	350	0	0	0
	49682	350	0	0	0
	49683	350	0	0	0
	49684	350	0	0	0
	49685	350	0	0	0
	49686	350	0	0	0
	49687	350	0	0	0
	49688	350	0	0	0
	49689	350	0	0	0
	49690	350	0	0	0
	49691	350	0	0	0
	49692	350	0	0	0
	49693	350	0	0	0
	49694	350	0	0	0
	49695	350	0	0	0
	49696	350	0	0	0
	49697	350	0	0	0
	49698	350	0	0	0
	49699	350	0	0	0
	49700	350	0	0	0
	49701	350	0	0	0
	49702	350	0	0	0
	49703	350	0	0	0
	49704	350	0	0	0
	49705	350	0	0	0
	49706	350	0	0	0
	49707	350	0	0	0
	49708	350	0	0	0
	49709	350	0	0	0
	49710	350	0	0	0
	49711	350	0	0	0
	49712	350	0	0	0
	49713	350	0	0	0
	49714	350	0	0	0
	49715	350	0	0	0
	49716	350	0	0	0
	49717	350	0	0	0
	49718	350	0	0	0
	49719	350	0	0	0
	49720	350	0	0	0
	49721	350	0	0	0
	49722	350	0	0	0
	49723	350	0	0	0
	49724	350	0	0	0
	49725	350	0	0	0
	49726	350	0	0	0
	49727	350	0	0	0
	49728	350	0	0	0
	49729	350	0	0	0
	49730	350	0	0	0
	49731	350	0	0	0
	49732	350	0	0	0
	49733	350	0	0	0
	49734	350	0	0	0
	49735	350	0	0	0
	49736	350	0	0	0
	49737	350	0	0	0
	49738	350	0	0	0
	49739	350	0	0	0
	49740	350	0	0	0
	49741	350	0	0	0
	49742	350	0	0	0
	49743	350	0	0	0
	49744	350	0	0	0
	49745	350	0	0	0
	49746	350	0	0	0
	49747	350	0	0	0
	49748	350	0	0	0
	49749	350	0	0	0
	49750	350	0	0	0
	49751	350	0	0	0
	49752	350	0	0	0
	49753	350	0	0	0
	49754	350	0	0	0
	49755	350	0	0	0
	49756	350	0	0	0
	49757	350	0	0	0
	49758	350	0	0	0
	49759	350	0	0	0
	49760	350	0	0	0
	49761	350	0	0	0
	49762	350	0	0	0
	49763	350	0	0	0
	49764	350	0	0	0
	49765	350	0	0	0
	49766	350	0	0	0
	49767	350	0	0	0
	49768	350	0	0	0
	49769	350	0	0	0
	49770	350	0	0	0
	49771	350	0	0	0
	49772	350	0	0	0
	49773	350	0	0	0
	49774	350	0	0	0
	49775	350	0	0	0
	49776	350	0	0	0
	49777	350	0	0	0
	49778	350	0	0	0
	49779	350	0	0	0
	49780	350	0	0	0
	49781	350	0	0	0
	49782	350	0	0	0
	49783	350	0	0	0
	49784	350	0	0	0
	49785	350	0	0	0
	49786	350	0	0	0
	49787	350	0	0	0
	49788	350	0	0	0
	49789	350	0	0	0
	49790	350	0	0	0
	49791	350	0	0	0
	49792	350	0	0	0
	49793	350	0	0	0
	49794	350	0	0	0
	49795	350	0	0	0
	49796	350	0	0	0
	49797	350	0	0	0
	49798	350	0	0	0
	49799	350	0	0	0
	49800	350	0	0	0
	49801	350	0	0	0
	49802	350	0	0	0
	49803	350	0	0	0
	49804	350	0	0	0
	49805	350	0	0	0
	49806	350	0	0	0
	49807	350	0	0	0
	49808	350	0	0	0
	49809	350	0	0	0
	49810	350	0	0	0
	49811	350	0	0	0
	49812	350	0	0	0
	49813	350	0	0	0
	49814	350	0	0	0
	49815	350	0	0	0
	49816	350	0	0	0
	49817	350	0	0	0
	49818	350	0	0	0
	49819	350	0	0	0
	49820	350	0	0	0
	49821	350	0	0	0
	49822	350	0	0	0
	49823	350	0	0	0
	49824	350	0	0	0
	49825	350	0	0	0
	49826	350	0	0	0
	49827	350	0	0	0
	49828	350	0	0	0
	49829	350	0	0	0
	49830	350	0	0	0
	49831	350	0	0	0
	49832	350	0	0	0
	49833	350	0	0	0
	49834	350	0	0	0
	49835	350	0	0	0
	49836	350	0	0	0
	49837	350	0	0	0
	49838	350	0	0	0
	49839	350	0	0	0
	49840	350	0	0	0
	49841	350	0	0	0
	49842	350	0	0	0
	49843	350	0	0	0
	49844	350	0	0	0
	49845	350	0	0	0
	49846	350	0	0	0
	49847	350	0	0	0
	49848	350	0	0	0
	49849	350	0	0	0
	49850	350	0	0	0
	49851	350	0	0	0
	49852	350	0	0	0
	49853	350	0	0	0
	49854	350	0	0	0
	49855	350	0	0	0
	49856	350	0	0	0
	49857	350	0	0	0
	49858	350	0	0	0
	49859	350	0	0	0
	49860	350	0	0	0
	49861	350	0	0	0
	49862	350	0	0	0
	49863	350	0	0	0
	49864	350	0	0	0
	49865	350	0	0	0
	49866	350	0	0	0
	49867	350	0	0	0
	49868	350	0	0	0
	49869	350	0	0	0
	49870	350	0	0	0
	49871	350	0	0	0
	49872	350	0	0	0
	49873	350	0	0	0
	49874	350	0	0	0
	49875	350	0	0	0
	49876	350	0	0	0
	49877	350	0	0	0
	49878	350	0	0	0
	49879	350	0	0	0
	49880	350	0	0	0
	49881	350	0	0	0
	49882	350	0	0	0
	49883	350	0	0	0
	49884	350	0	0	0
	49885	350	0	0	0
	49886	350	0	0	0
	49887	350	0	0	0
	49888	350	0	0	0
	49889	350	0	0	0
	49890	350	0	0	0
	49891	350	0	0	0
	49892	350	0	0	0
	49893	350	0	0	0
	49894	350	0	0	0
	49895	350	0	0	0
	49896	350	0	0	0
	49897	350	0	0	0
	49898	350	0	0	0
	49899	350	0	0	0
	49900	350	0	0	0
	49901	350	0	0	0
	49902	350	0	0	0
	49903	350	0	0	0
	49904	350	0	0	0
	49905	350	0	0	0
	49906	350	0	0	0
	49907	350	0	0	0
	49908	350	0	0	0
	49909	350	0	0	0
	49910	350	0	0	0
	49911	350	0	0	0
	49912	350	0	0	0
	49913	350	0	0	0
	49914	350	0	0	0
	49915	350	0	0	0
	49916	350	0	0	0
	49917	350	0	0	0
	49918	350	0	0	0
	49919	350	0	0	0
	49920	350	0	0	0
	49921	350	0	0	0
	49922	350	0	0	0
	49923	350	0	0	0
	49924	350	0	0	0
	49925	350	0	0	0
	49926	350	0	0	0
	49927	350	0	0	0
	49928	350	0	0	0
	49929	350	0	0	0
	49930	350	0	0	0
	49931	350	0	0	0
	49932	350	0	0	0
	49933	350	0	0	0
	49934	350	0	0	0
	49935	350	0	0	0
	49936	350	0	0	0
	49937	350	0	0	0
	49938	350	0	0	0
	49939	350	0	0	0
	49940	350	0	0	0
	49941	350	0	0	0
	49942	350	0	0	0
	49943	350	0	0	0
	49944	350	0	0	0
	49945	350	0	0	0
	49946	350	0	0	0
	49947	350	0	0	0
	49948	350	0	0	0
	49949	350	0	0	0
	49950	350	0	0	0
	49951	350	0	0	0
	49952	350	0	0	0
	49953	350	0	0	0
	49954	350	0	0	0
	49955	350	0	0	0
	49956	350	0	0	0
	49957	350	0	0	0
	49958	350	0	0	0
	49959	350	0	0	0
	49960	350	0	0	0
	49961	350	0	0	0
	49962	350	0	0	0
	49963	350	0	0	0
	49964	350	0	0	0
	49965	350	0	0	0
	49966	350	0	0	0
	49967	350	0	0	0
	49968	350	0	0	0
	49969	350	0	0	0
	49970	350	0	0	0
	49971	350	0	0	0
	49972	350	0	0	0
	49973	350	0	0	0
	49974	350	0	0	0
	49975	350	0	0	0
	49976	350	0	0	0
	49977	350	0	0	0
	49978	350	0	0	0
	49979	350	0	0	0
	49980	350	0	0	0
	49981	350	0	0	0
	49982	350	0	0	0
	49983	350	0	0	0
	49984	350	0	0	0
	49985	350	0	0	0
	49986	350	0	0	0
	49987	350	0	0	0
	49988	350	0	0	0
	49989	350	0	0	0
	49990	350	0	0	0
	49991	350	0	0	0
	49992	350	0	0	0
	49993	350	0	0	0
	49994	350	0	0	0
	49995	350	0	0	0
	49996	350	0	0	0
	49997	350	0	0	0
	49998	350	0	0	0
	49999	350	0	0	0
	50000	350	0	0	0
	50001	350	0	0	0
	50002	350	0	0	0
	50003	350	0	0	0
	50004	350	0	0	0
	50005	350	0	0	0
	50006	350	0	0	0
	50007	350	0	0	0
	50008	350	0	0	0
	50009	350	0	0	0
	50010	350	0	0	0
	50011	350	0	0	0
	50012	350	0	0	0
	50013	350	0	0	0
	50014	350	0	0	0
	50015	350	0	0	0
	50016	350	0	0	0
	50017	350	0	0	0
	50018	350	0	0	0
	50019	350	0	0	0
	50020	350	0	0	0
	50021	350	0	0	0
	50022	350	0	0	0
	50023	350	0	0	0
	50024	350	0	0	0
	50025	350	0	0	0
	50026	350	0	0	0
	50027	350	0	0	0
	50028	350	0	0	0
	50029	350	0	0	0
	50030	350	0	0	0
	50031	350	0	0	0
	50032	350	0	0	0
	50033	350	0	0	0
	50034	350	0	0	0
	50035	350	0	0	0
	50036	350	0	0	0
	50037	350	0	0	0
	50038	350	0	0	0
	50039	350	0	0	0
	50040	350	0	0	0
	50041	350	0	0	0
	50042	350	0	0	0
	50043	350	0	0	0
	50044	350	0	0	0
	50045	350	0	0	0
	50046	350	0	0	0
	50047	350	0	0	0
	50048	350	0	0	0
	50049	350	0	0	0
	50050	350	0	0	0
